Sum : -23.000000
Average : -5.750000
Product : 360.000000
MAX : -1.000000
MIN : -10.000000
