Sum : -4.000000
Average : -1.000000
Product : -4.000000
MAX : 1.000000
MIN : -2.000000
