Sum : 88.000000
Average : 22.000000
Product : 234256.000000
MAX : 22.000000
MIN : 22.000000
