Sum : 0.000000
Average : 0.000000
Product : 0.000000
MAX : 0.000000
MIN : 0.000000
