Sum : 1085.000000
Average : 271.250000
Product : -2080000.000000
MAX : 1000.000000
MIN : -20.000000
