Sum : 10.000000
Average : 2.500000
Product : 24.000000
MAX : 4.000000
MIN : 1.000000
